1	0.636690910587708	0.4516524136066437	0	0	0	299	0.7785987261146496	300
1	0.3990596290131411	0.42966674566268914	0	1	0	599	0.5131210191082802	600
1	0.3615988745341698	0.3057654052972793	0	2	0	899	0.49872611464968153	900
1	0.34241271352271235	0.3198021471500397	0	3	0	1199	0.5142675159235669	1200
1	0.33015584628780686	0.29764820635318756	0	4	0	1499	0.5421656050955413	1500
1	0.32144755113124823	0.2636694043874741	0	5	0	1799	0.4375796178343949	1800
1	0.31465519470721465	0.31005492508411403	0	6	0	2099	0.6565605095541401	2100
1	0.30932444246610025	0.3700372651219368	0	7	0	2399	0.7462420382165605	2400
1	0.3050702813416721	0.3179306954145431	0	8	0	2699	0.6338853503184714	2700
1	0.30150413584709185	0.2881084382534027	0	9	0	2999	0.5824203821656051	3000
1	0.2983061551004647	0.30345715284347535	0	10	0	3299	0.5304458598726115	3300
1	0.29554780631015715	0.35666343569755554	0	11	0	3599	0.6159235668789809	3600
1	0.29323146368811526	0.3126999646425247	0	12	0	3899	0.7043312101910828	3900
1	0.29109270008653393	0.31952572464942935	0	13	0	4199	0.5047133757961784	4200
1	0.28917444864163794	0.28683446943759916	0	14	0	4499	0.6570700636942676	4500
1	0.2873405712818105	0.2568763345479965	0	15	0	4799	0.5755414012738853	4800
1	0.285958594687283	0.23407377675175667	0	16	0	5099	0.584203821656051	5100
1	0.2844122568964956	0.3052368462085724	0	17	0	5399	0.5705732484076433	5400
1	0.2830537166098753	0.3586780488491058	0	18	0	5699	0.6238216560509554	5700
1	0.2818472073748706	0.25499483048915866	0	19	0	5999	0.6119745222929937	6000
1	0.28056051184733716	0.35305864512920376	0	20	0	6299	0.6982165605095542	6300
1	0.2796086271405219	0.37359267473220825	0	21	0	6599	0.5373248407643312	6600
1	0.27838890936970706	0.5122726321220398	0	22	0	6899	0.48165605095541403	6900
1	0.27735411909222574	0.19964167475700378	0	23	0	7199	0.48356687898089173	7200
1	0.27652571600675574	0.3131979048252106	0	24	0	7499	0.5984713375796178	7500
1	0.2756346086934208	0.20975102186203004	0	25	0	7799	0.3778343949044586	7800
1	0.27493881942580145	0.40697400569915765	0	26	0	8099	0.6903184713375796	8100
1	0.27404682942728203	0.2674520820379257	0	27	0	8399	0.44203821656050957	8400
1	0.27326123219728476	0.2624518245458603	0	28	0	8699	0.4484076433121019	8700
1	0.2725497508073846	0.22602666467428206	0	29	0	8999	0.49605095541401273	9000
1	0.27182209085673087	0.25797162801027296	0	30	0	9299	0.2901910828025478	9300
1	0.2711577427138884	0.24001637399196624	0	31	0	9599	0.5743949044585988	9600
1	0.27059341160953054	0.24179741740226746	0	32	0	9899	0.5077707006369426	9900
1	0.26990367429703477	0.3084490209817886	0	33	0	10199	0.4191082802547771	10200
1	0.26949137408783047	0.26995434910058974	0	34	0	10499	0.6615286624203822	10500
1	0.26870971675962224	0.3671220123767853	0	35	0	10799	0.5579617834394904	10800
1	0.2682308953627944	0.2186512127518654	0	36	0	11099	0.19044585987261148	11100
1	0.2676691355456909	0.22977119386196138	0	37	0	11399	0.7960509554140127	11400
1	0.2672799757197499	0.18400054425001142	0	38	0	11699	0.3703184713375796	11700
1	0.266699837418894	0.2356792539358139	0	39	0	11999	0.6789808917197452	12000
1	0.26619772055745117	0.25323802828788755	0	40	0	12299	0.6606369426751593	12300
1	0.2656633365067343	0.29267856776714324	0	41	0	12599	0.7487898089171975	12600
1	0.2653534689297279	0.1905832439661026	0	42	0	12899	0.43719745222929934	12900
1	0.2649039222920934	0.26760008186101913	0	43	0	13199	0.665859872611465	13200
1	0.26445986301451907	0.23860145062208177	0	44	0	13499	0.7168152866242038	13500
1	0.26406133266290044	0.29478461146354673	0	45	0	13799	0.5629299363057325	13800
1	0.2636184390733639	0.23014294505119326	0	46	0	14099	0.4969426751592357	14100
1	0.2633087386116389	0.28669206649065015	0	47	0	14399	0.6411464968152866	14400
1	0.26276685431599633	0.25753001868724823	0	48	0	14699	0.6117197452229299	14700
1	0.2624695578006408	0.2221170350909233	0	49	0	14999	0.6719745222929936	15000
1	0.26212752087165914	0.19270946681499482	0	50	0	15299	0.4629299363057325	15300
1	0.2617209613819917	0.29078914821147916	0	51	0	15599	0.6327388535031847	15600
1	0.26144076515734205	0.1787882000207901	0	52	0	15899	0.46114649681528663	15900
1	0.2611176259467999	0.19083384573459627	0	53	0	16199	0.535031847133758	16200
1	0.26072673987348866	0.1755117118358612	0	54	0	16499	0.3715923566878981	16500
1	0.2604854766627154	0.22006499767303467	0	55	0	16799	0.5430573248407643	16800
1	0.26017382424200575	0.2860894620418548	0	56	0	17099	0.565859872611465	17100
1	0.2597717100605368	0.2921453058719635	0	57	0	17399	0.7444585987261146	17400
1	0.25954435412585725	0.2415635585784912	0	58	0	17699	0.4956687898089172	17700
1	0.2592331905985871	0.2430960550904274	0	59	0	17999	0.4621656050955414	18000
1	0.2588951382947463	0.4302593678236008	0	60	0	18299	0.784203821656051	18300
1	0.25873184727132353	0.22814550697803498	0	61	0	18599	0.6053503184713376	18600
1	0.25835017848014835	0.2868135675787926	0	62	0	18899	0.5024203821656051	18900
1	0.2581060770029824	0.30280002355575564	0	63	0	19199	0.7828025477707007	19200
1	0.25789419520398005	0.2963274240493774	0	64	0	19499	0.535031847133758	19500
1	0.2575807542502881	0.3006502747535706	0	65	0	19799	0.4259872611464968	19800
1	0.2573332523281376	0.23661902695894244	0	66	0	20099	0.5717197452229299	20100
1	0.25703263457616193	0.3839998245239258	0	67	0	20399	0.48904458598726114	20400
1	0.25684224944064993	0.23234513103961946	0	68	0	20699	0.5840764331210191	20700
1	0.2565648562001684	0.3915722966194153	0	69	0	20999	0.4286624203821656	21000
1	0.2563287040715416	0.18724863976240155	0	70	0	21299	0.42509554140127387	21300
1	0.256071591583391	0.2735686361789703	0	71	0	21599	0.44598726114649684	21600
1	0.25590916331112384	0.21733136028051375	0	72	0	21899	0.3838216560509554	21900
1	0.2556972334980965	0.3604473650455475	0	73	0	22199	0.4314649681528662	22200
1	0.255482288767894	0.2132203221321106	0	74	0	22499	0.36178343949044584	22500
1	0.2552936865016818	0.26320008337497713	0	75	0	22799	0.5107006369426752	22800
1	0.2550064070150257	0.33301925361156465	0	76	0	23099	0.5529936305732485	23100
1	0.2548293089990813	0.3255471229553223	0	77	0	23399	0.7444585987261146	23400
1	0.2545780780663093	0.20845972895622256	0	78	0	23699	0.5385987261146497	23700
1	0.25444865300257985	0.2677334398031235	0	79	0	23999	0.5611464968152866	24000
1	0.25414747890085	0.18474830090999603	0	80	0	24299	0.3889171974522293	24300
1	0.25407188621660054	0.33586214482784266	0	81	0	24599	0.3573248407643312	24600
1	0.2538253651981553	0.19038424789905548	0	82	0	24899	0.4313375796178344	24900
1	0.25355164765690774	0.2410099148750305	0	83	0	25199	0.561656050955414	25200
1	0.2535250349193811	0.2671510934829712	0	84	0	25499	0.524968152866242	25500
1	0.25324710269520695	0.16712107658386233	0	85	0	25799	0.33528662420382166	25800
1	0.2530223103339475	0.23883314579725265	0	86	0	26099	0.4063694267515924	26100
1	0.25293796032170446	0.1324592784047127	0	87	0	26399	0.6129936305732484	26400
1	0.25278086818754675	0.29590197205543517	0	88	0	26699	0.6159235668789809	26700
1	0.2526104286188881	0.1548686906695366	0	89	0	26999	0.28802547770700637	27000
1	0.2523401535774272	0.23517174422740938	0	90	0	27299	0.441656050955414	27300
1	0.25226548650612435	0.24731576442718506	0	91	0	27599	0.3894267515923567	27600
1	0.25196816631779073	0.3566842079162597	0	92	0	27899	0.66	27900
1	0.251938649545113	0.22310576885938643	0	93	0	28199	0.704968152866242	28200
1	0.2517357197081049	0.24081658273935316	0	94	0	28499	0.7738853503184714	28500
1	0.25161285853882637	0.19104026705026625	0	95	0	28799	0.7156687898089172	28800
1	0.25137440896779295	0.24468899369239805	0	96	0	29099	0.4857324840764331	29100
1	0.2512065997893611	0.3096607178449631	0	97	0	29399	0.6735031847133758	29400
1	0.2510696670611699	0.22721442580223083	0	98	0	29699	0.5261146496815287	29700
1	0.25083217782278877	0.21567344069480898	0	99	0	29999	0.5673885350318472	30000
